$ 1 0.000005 382.76258214399064 61 5 43 5e-11
t 176 96 208 96 0 1 -0.04950495135949495 0.17652814418512097 100 default
r 176 96 96 96 0 1000
r 96 96 96 16 0 100
r 96 96 96 192 0 10000
162 272 240 272 112 2 default-led 1 0 0 0.01
w 208 112 272 112 0
R 208 16 208 -32 0 0 40 5 0 0 0.5
w 208 16 208 80 0
g 96 192 96 240 0 0
g 208 240 208 256 0 0
l 208 112 208 160 0 0.00078 9.320000711390216e-11 0
r 208 160 208 240 0 22
R 96 16 48 16 4 5 600 5 0 0 0.33
w 208 240 272 240 0
w 480 240 544 240 0
R 368 16 320 16 4 5 600 5 0 2.0943951023931953 0.33
r 480 160 480 240 0 22
l 480 112 480 160 0 0.00078 9.320000711390216e-11 0
g 480 240 480 256 0 0
g 368 192 368 240 0 0
w 480 16 480 80 0
R 480 16 480 -32 0 0 40 5 0 0 0.5
w 480 112 544 112 0
162 544 240 544 112 2 default-led 1 0 0 0.01
r 368 96 368 192 0 10000
r 368 96 368 16 0 100
r 448 96 368 96 0 1000
t 448 96 480 96 0 1 -0.04950495135949495 0.17652814418512097 100 default
w 752 240 816 240 0
R 640 16 592 16 4 5 600 5 0 4.1887902047863905 0.33
r 752 160 752 240 0 22
l 752 112 752 160 0 0.00078 9.320000711390216e-11 0
g 752 240 752 256 0 0
g 640 192 640 240 0 0
w 752 16 752 80 0
R 752 16 752 -32 0 0 40 5 0 0 0.5
w 752 112 816 112 0
162 816 240 816 112 2 default-led 1 0 0 0.01
r 640 96 640 192 0 10000
r 640 96 640 16 0 100
r 720 96 640 96 0 1000
t 720 96 752 96 0 1 -0.04950495135949495 0.17652814418512097 100 default
